1239,1803,3644,3648,6174,7882
6478,7018,23143
3356,11213
174,2149,6494
209,4015,7359
701,702,703,813,7046,7407,12199,12234,14551,17373
2828,4908,7014
114,2914,3945,7019
19151,19895
6461,17025
6537,15290
1785,6316
12127,12956,22927
22318,22773,26204
7385,7845
292,293
577,603,11489
10310,26085
7575,23654
6059,10886
7922,33287,33490,33491,33650
306,575,721,1467,1480,1482,1488,1491,1904
2037,2152,2153
8151,28513
16787,20115
73,101
7303,10983
71,10782
236,237
27552,30071
195,1909
80,1295,3921
3300,6841
1347,5006,7821
10429,11419,12956
23253,33490
10796,11060,12262
57,217
87,19782
11818,33363
2637,10490
10311,20001
3360,4237
11,1742,10578
194,14041
1916,28609
7017,11955,20231,21522
270,297,372,771,1843
600,3112,13501
5650,7011,26127
16815,21866
22351,26243
7470,9287
4926,10834,12956
3681,20080
30023,30246
1358,6621
226,567,16408
151,7430
18,276,14104,32093
5626,9186
6298,22773
13878,15180
6147,12956
6471,27651
13432,22773
7203,11867
1207,5050
14420,27757
206,4237
16473,19957
10481,10895
11834,36412
13037,20941
9443,9714
2715,21612
10961,22834
20312,27807
3527,30387
8374,21243
7908,11617,15125
6505,7993
1556,1562
1559,1569
291,293
7773,14263
14985,27234
12188,36031
26228,36430
272,721
24,297
2553,3506
24709,33979
7342,26415
10794,19886
14492,22205
3595,16626
11420,29836
15026,19430
3582,4600
6263,19530
18695,32641,32644
27742,27773
17166,23381,25602
6342,11677
1206,5050
138,721
10796_11060,12262
11824,17151,18432,35945
22343,33033
1705,5714,33383
16838,26134
14116,30447
8660,12803
22894,28498,28499,28504
7097,32400
6308,7018
30121,30135,30142,32825
22220,33572
5728,7018
20029,30239
4467,5074,7018
11221,13398
703,2764
21135,49476
174,47680
27661,28496,28497,28498,28499,28500,28510,28511
10515,19836
14329,25967
26360,36050
6939,18779
3557,33071,33073,33080,33081
21886,36142
7741,14121
11840,26134
3356,26228,26232
46124,46136
209,25729
3491,15412,19710
4795_65500,65515
10923,17151
6290,7018
97,2914
